(276, 273)
(236, 185)
(237, 187)
(239, 190)
(238, 190)
(237, 191)
(238, 192)
(237, 193)
(238, 194)
(237, 193)
(239, 195)
(239, 194)
(239, 195)
(240, 198)
(239, 196)
(240, 197)
(239, 196)
(240, 197)
(240, 196)
(239, 195)
(239, 195)
(239, 194)
(238, 193)
(239, 193)
(239, 193)
(239, 192)
(238, 192)
(239, 191)
(239, 190)
(239, 189)
(239, 189)
(238, 184)
(239, 184)
(238, 184)
(237, 184)
(235, 184)
(232, 181)
(386, 215)
(385, 215)
(385, 215)
(377, 218)
(352, 209)
(351, 205)
(349, 201)
(346, 199)
(344, 198)
(343, 198)
(342, 198)
(344, 198)
(345, 198)
(344, 198)
(344, 198)
(341, 197)
(340, 196)
(336, 192)
(335, 189)
(338, 188)
(346, 197)
(309, 221)
(312, 216)
(322, 209)
(329, 204)
(336, 199)
(340, 195)
(342, 194)
(348, 192)
(355, 192)
(357, 193)
(365, 194)
(367, 195)
(375, 200)
(375, 198)
(336, 244)
(320, 210)
(317, 200)
(315, 193)
(315, 181)
(316, 178)
(316, 174)
(316, 170)
(315, 167)
(315, 165)
(314, 162)
(315, 162)
(316, 161)
(317, 162)
(318, 163)
(319, 163)
(320, 163)
(320, 163)
(321, 162)
(322, 163)
(322, 164)
(323, 164)
(323, 164)
(323, 164)
(323, 164)
(323, 164)
(323, 164)
(323, 164)
(323, 163)
(323, 163)
(323, 162)
(323, 163)
(323, 163)
(325, 165)
(338, 175)
(360, 248)
(352, 237)
(324, 200)
(319, 190)
(314, 179)
(311, 171)
(308, 166)
(306, 165)
(305, 164)
(304, 163)
(302, 162)
(302, 162)
(303, 163)
(303, 162)
(303, 162)
(303, 160)
(303, 160)
(303, 160)
(303, 160)
(303, 160)
(304, 159)
(304, 159)
(304, 160)
(304, 160)
(304, 161)
(304, 160)
(304, 161)
(304, 162)
(305, 163)
(305, 163)
(306, 164)
(306, 166)
(306, 167)
(306, 169)
(305, 175)
(304, 177)
(303, 185)
(303, 186)
(303, 189)
(303, 190)
(303, 194)
(303, 195)
(303, 196)
(303, 198)
(304, 199)
(304, 201)
(305, 203)
(305, 204)
(304, 204)
(304, 204)
(307, 205)
(316, 215)
(353, 127)
(292, 171)
(293, 165)
(288, 155)
(288, 156)
(287, 155)
(291, 155)
(291, 155)
(289, 154)
(289, 154)
(289, 155)
(290, 155)
(289, 155)
(288, 155)
(288, 155)
(287, 155)
(287, 155)
(287, 156)
(286, 155)
(286, 155)
(287, 155)
(287, 155)
(287, 155)
(287, 155)
(285, 154)
(285, 155)
(285, 155)
(285, 155)
(285, 154)
(285, 154)
(285, 154)
(286, 154)
(286, 153)
(285, 154)
(285, 154)
(285, 154)
(285, 154)
(285, 154)
(285, 154)
(285, 154)
(284, 149)
(291, 140)
(295, 137)
(318, 124)
(331, 122)
(343, 123)
(381, 157)
(385, 170)
(369, 183)
(335, 195)
(328, 195)
(322, 193)
(307, 191)
(279, 184)
(263, 177)
(241, 152)
(244, 140)
(249, 133)
(252, 131)
(254, 130)
(256, 131)
(257, 131)
(257, 131)
(259, 131)
(260, 134)
(260, 133)
(260, 133)
(259, 136)
(259, 135)
(259, 136)
(258, 136)
(258, 136)
(257, 137)
(257, 137)
(258, 137)
(258, 137)
(258, 138)
(258, 138)
(258, 138)
(258, 138)
(258, 138)
(257, 139)
(256, 139)
(256, 139)
(256, 139)
(256, 139)
(255, 139)
(255, 140)
(255, 139)
(254, 139)
(254, 141)
(255, 140)
(254, 140)
(255, 141)
(261, 145)
(270, 149)
(374, 214)
(361, 197)
(331, 161)
(325, 151)
(318, 142)
(314, 138)
(313, 138)
(312, 138)
(310, 140)
(310, 140)
(309, 140)
(307, 139)
(307, 139)
(307, 139)
(307, 140)
(306, 141)
(306, 141)
(305, 141)
(304, 139)
(304, 139)
(305, 139)
(305, 140)
(305, 140)
(305, 140)
(304, 141)
(304, 141)
(303, 142)
(304, 142)
(302, 142)
(299, 145)
(298, 145)
(296, 147)
(291, 148)
(284, 149)
(281, 148)
(259, 147)
(254, 146)
(231, 146)
(235, 148)
(336, 151)
(363, 152)
(384, 154)
(399, 156)
(404, 157)
(411, 159)
(414, 161)
(415, 163)
(419, 164)
(420, 165)
(421, 166)
(424, 166)
(425, 169)
(432, 172)
(435, 173)
(444, 174)
(445, 173)
(452, 175)
(455, 178)
(455, 179)
(454, 179)
(457, 178)
(459, 178)
(459, 177)
(458, 177)
(458, 180)
(458, 181)
(458, 181)
(460, 183)
(461, 183)
(460, 183)
(460, 184)
(460, 184)
(458, 186)
(455, 190)
(452, 196)
(451, 197)
(451, 198)
(450, 199)
(450, 199)
(449, 200)
(449, 201)
(449, 200)
(448, 201)
(447, 201)
(446, 202)
(447, 202)
(446, 203)
(446, 203)
(446, 203)
(445, 203)
(444, 204)
(444, 203)
(443, 206)
(397, 168)
(400, 161)
(406, 161)
(408, 161)
(408, 160)
(412, 160)
(414, 161)
(414, 159)
(414, 159)
(414, 158)
(414, 157)
(414, 157)
(413, 158)
(413, 157)
(412, 157)
(413, 157)
(412, 158)
(412, 157)
(412, 158)
(413, 160)
(414, 161)
(414, 161)
(414, 160)
(413, 161)
(414, 161)
(414, 162)
(413, 162)
(413, 162)
(412, 162)
(412, 162)
(412, 161)
(413, 162)
(413, 162)
(412, 162)
(412, 163)
(412, 164)
(411, 167)
(410, 168)
(410, 169)
(408, 176)
(403, 183)
(402, 184)
(399, 184)
(400, 185)
(402, 187)
(401, 190)
(411, 199)
(412, 199)
(414, 199)
(417, 201)
(418, 202)
(424, 201)
(427, 201)
(430, 200)
(428, 200)
(426, 197)
(424, 193)
(425, 193)
(424, 194)
(426, 194)
(425, 195)
(424, 195)
(424, 195)
(422, 196)
(421, 196)
(421, 197)
(421, 196)
(420, 196)
(420, 196)
(418, 195)
(418, 195)
(418, 195)
(418, 194)
(418, 194)
(418, 193)
(416, 192)
(417, 192)
(418, 192)
(418, 192)
(418, 191)
(418, 191)
(419, 191)
(418, 192)
(418, 190)
(418, 191)
(418, 190)
(418, 190)
(418, 190)
(418, 189)
(418, 190)
(418, 189)
(415, 188)
(416, 188)
(416, 187)
(415, 187)
(425, 185)
(425, 184)
(299, 141)
(300, 130)
(301, 127)
(300, 149)
(299, 145)
(301, 141)
(303, 141)
(306, 142)
(307, 145)
(307, 147)
(307, 148)
(306, 149)
(306, 149)
(306, 149)
(305, 149)
(304, 149)
(304, 150)
(305, 150)
(306, 150)
(305, 151)
(305, 151)
(306, 152)
(306, 153)
(306, 153)
(306, 154)
(306, 154)
(306, 154)
(306, 155)
(306, 155)
(307, 156)
(309, 155)
(309, 157)
(310, 157)
(310, 158)
(311, 159)
(312, 161)
(312, 163)
(313, 165)
(314, 166)
(314, 167)
(314, 168)
(315, 173)
(316, 176)
(316, 186)
(317, 188)
(318, 193)
(320, 196)
(320, 197)
(321, 197)
(320, 201)
(324, 198)
(324, 193)
(324, 191)
(325, 191)
(326, 192)
(327, 193)
(327, 195)
(326, 195)
(326, 195)
(326, 194)
(326, 194)
(326, 194)
(327, 195)
(327, 195)
(327, 195)
(327, 194)
(327, 194)
(327, 193)
(328, 192)
(328, 191)
(328, 192)
(329, 193)
(328, 193)
(329, 193)
(329, 193)
(328, 194)
(328, 195)
(328, 195)
(328, 195)
(328, 196)
(328, 196)
(328, 197)
(329, 197)
(329, 195)
(329, 194)
(329, 195)
(329, 196)
(328, 198)
(327, 201)
(337, 225)
(337, 236)
(303, 193)
(293, 177)
(285, 163)
(281, 153)
(281, 150)
(280, 147)
(278, 145)
(277, 145)
(276, 145)
(276, 142)
(276, 142)
(276, 141)
(277, 140)
(277, 140)
(277, 137)
(277, 137)
(277, 138)
(277, 138)
(278, 141)
(278, 142)
(278, 144)
(278, 144)
(277, 146)
(276, 149)
(276, 156)
(277, 160)
(277, 163)
(276, 171)
(274, 181)
(274, 184)
(275, 188)
(275, 189)
(275, 190)
(280, 197)
(281, 198)
(283, 200)
(283, 201)
(331, 180)
(329, 184)
(325, 183)
(324, 183)
(326, 183)
(326, 183)
(323, 181)
(322, 182)
(320, 181)
(319, 182)
(318, 183)
(317, 183)
(318, 183)
(319, 183)
(319, 183)
(320, 184)
(321, 184)
(322, 183)
(322, 181)
(324, 180)
(324, 180)
(324, 180)
(324, 180)
(324, 182)
(324, 184)
(325, 184)
(325, 185)
(325, 186)
(325, 185)
(324, 184)
(324, 183)
(322, 185)
(322, 184)
(322, 184)
(321, 185)
(322, 182)
(416, 184)
(431, 214)
(423, 234)
(387, 245)
(354, 245)
(260, 178)
(283, 149)
(312, 140)
(370, 161)
(386, 209)
(367, 226)
(356, 227)
(333, 224)
(314, 218)
(309, 200)
(321, 186)
(355, 181)
(397, 205)
(305, 254)
(274, 212)
(259, 174)
(254, 159)
(249, 137)
(248, 133)
(246, 131)
(241, 130)
(241, 130)
(239, 130)
(238, 131)
(239, 132)
(240, 132)
(242, 133)
(243, 133)
(243, 134)
(244, 135)
(243, 135)
(243, 135)
(242, 135)
(242, 136)
(242, 136)
(242, 136)
(243, 136)
(244, 137)
(243, 137)
(243, 139)
(243, 140)
(243, 139)
(243, 140)
(243, 139)
(244, 140)
(243, 141)
(243, 140)
(243, 140)
(242, 140)
(241, 141)
(240, 141)
(241, 142)
(241, 142)
(240, 142)
(240, 142)
(240, 142)
(241, 142)
(243, 143)
(243, 144)
(254, 144)
(270, 143)
(273, 141)
(282, 135)
(316, 127)
(340, 133)
(346, 135)
(361, 145)
(371, 173)
(366, 194)
(363, 204)
(357, 215)
(339, 235)
